THETA:0.0, REJ_RATE:0.32868185925107923
THETA:0.0, REJ_RATE:0.32567011344242547
THETA:0.0, REJ_RATE:0.3265736371850216
THETA:0.0, REJ_RATE:0.3440417628752133
